5672
28714
19708
2049
14904
18496
27497
15292
21315
29569
24928
5557
27310
6393
28574
3982
3835
25639
27632
26402
27553
13743
25197
3337
681
12996
3702
28650
25608
24403
26478
12419
32447
12016
15674
2681
26549
14465
8311
32225
12879
30893
4734
1418
14037
20226
14617
26128
25220
8681
4610
24994
28019
21834
25119
23694
4646
32766
23680
16017
8947
3064
15636
7393
6425
11571
21294
30966
31130
23387
14268
8220
11228
14907
11073
30650
7683
7401
22423
16992
21259
4019
29031
10642
13993
5320
30052
6230
21215
32678
32074
12927
17249
6983
26778
29880
683
1803
21778
18768
27871
30308
8942
7623
5216
16195
225
17692
17455
25414
15314
13012
19464
32670
20055
23242
29243
20418
27634
16826
10060
11989
1038
2699
22346
17368
30903
3168
29935
17551
1309
15709
6781
31540
4039
32313
23635
31455
25750
4744
10577
11952
4737
20934
21745
12226
26890
23843
10018
3535
20867
26129
3556
30371
2
20878
19621
26690
14373
17457
17757
23000
8582
25335
14187
1893
26621
21707
4141
19493
9112
20695
10594
14272
17499
17805
4417
18998
32184
25715
14421
648
28109
7858
8479
11303
31840
24158
28010
5918
11674
2180
25964
9982
25735
5108
21665
25741
20809
16595
22631
32301
1823
15583
31834
25358
30234
16513
16493
25875
17561
28820
25805
3461
17545
4344
6006
4218
94
21461
24465
2819
7120
20911
25236
30745
1110
30254
24344
2117
11619
28075
31097
18449
21603
24442
13872
16689
2164
250
15856
625
29157
19805
18305
14942
5487
28216
17248
20660
3893
8394
9492
10891
381
9228
26190
1344
13100
31612
8136
5156
6659
4778
21466
19687
19612
3455
18140
3778
6178
20816
319
4200
13779
4775
22378
16554
23607
29643
4950
1516
10270
21
7144
2124
6491
4082
13841
29324
8001
25015
15272
21955
28897
29480
25602
7112
11522
26566
31319
13401
32221
2012
7636
26895
15517
9288
26495
1026
20633
27402
4559
13628
17999
30862
32263
25310
23072
12729
13142
20500
29390
12981
13232
18106
18357
24189
17002
12235
11980
23335
30872
18062
20059
1781
17191
21119
11898
12826
9913
5118
26189
10572
25923
20409
24833
23821
24936
9435
30341
12729
23444
6641
21513
17488
25817
3233
28727
12289
9097
28681
1844
8315
17816
1528
23125
15603
15534
32463
12193
14323
8207
11317
19723
4073
20523
12926
27500
19563
14340
25817
23874
17483
18500
14395
25899
14431
2074
30991
30751
20237
22488
12186
26480
15512
16718
24368
11907
9262
29156
3097
24652
32173
14969
13376
28811
3129
12543
9889
21704
12671
20435
25968
14607
10694
11997
32522
17516
31930
