12908
2461
10533
12024
19406
11670
31930
88
10162
27341
5021
17150
26174
1139
23729
5919
14576
16311
30853
6036
566
24891
2125
17185
21195
5434
28836
11906
24791
11893
3076
19257
21702
26594
2305
20250
2020
5396
28744
2194
4285
28009
3675
11196
14647
24053
15626
25634
14955
3633
18608
14163
23112
867
27955
1065
18150
3789
9913
10967
19371
29333
21034
10677
15392
26999
22890
15051
12433
32045
26452
15903
28774
22425
24437
31934
9796
31416
5517
4236
14819
2887
198
31949
27566
6707
26290
17263
3612
6338
14854
797
30929
25474
10520
27140
4467
4084
6170
2403
1613
26872
788
21973
5798
17912
931
24670
1247
10452
30323
5175
3663
20113
31869
1369
1247
7873
21505
7116
26212
9648
17731
10157
3519
1363
7941
10752
22967
2289
32455
24123
26001
18319
24769
20622
12149
284
13213
3315
18560
8801
27636
13050
27304
7079
21391
31314
4179
30245
4186
29718
27063
21552
7975
5341
19440
18465
15913
21376
30178
11781
811
26793
18132
29704
6547
31520
17097
32158
25626
17621
158
3447
32329
31917
24037
25120
22962
4365
5251
29049
29428
32551
3596
28378
23148
21255
4313
2052
3259
7260
8943
1225
22268
25607
16015
13691
17090
28261
13468
23574
17876
22109
22705
31789
12712
19752
21246
15765
7840
2787
13287
19923
20230
15318
9563
27718
17865
30338
22004
3347
3317
1645
31187
16085
26612
6060
32057
16130
28038
3893
17638
26907
17793
7138
6194
27803
1610
19524
4332
30109
28175
13613
11510
13387
29642
29948
23965
28427
27637
8102
12473
2920
15629
24457
28553
14784
24521
22257
20299
12211
10007
3686
3998
7494
3035
31675
8856
18651
30823
28120
15015
32209
20408
26946
23080
14843
11382
16751
16585
17858
5034
31436
21151
8984
5949
16778
21766
32547
9268
300
7484
4774
30893
26834
3260
7471
32152
26690
30556
26371
54
29115
20262
30153
1876
3194
12790
24569
16451
1033
13528
27394
16286
16458
2334
24638
4539
4679
22340
17558
22253
439
27525
24309
26496
26447
4153
14702
15218
24527
12789
2348
4593
25543
10593
10525
5273
4141
18135
4957
29290
27552
31681
1380
11915
13434
15791
15088
7872
920
32571
27569
21932
20457
23197
30646
29896
7863
18957
28314
8735
27832
2524
23917
7631
7124
80
3940
13120
29108
18244
11585
545
29455
13180
26496
23335
10163
30153
5959
11397
4949
12770
523
14889
28442
9980
11266
7613
28641
17966
25932
19032
9559
21128
32224
4104
15800
26349
19511
23297
14949
32180
29371
10913
24875
22018
4078
31787
30285
21221
17754
9536
2903
12337
16701
23068
28322
10523
14064
23446
1958
27799
29211
2262
11266
31601
28826
20691
14669
19501
12078
16276
32666
20640
5348
8994
18637
14667
10565
1103
2209
4730
323
28458
372
5921
3806
18237
27097
21873
16281
9101
24284
317
5536
28239
12051
4112
10166
17514
19049
31498
13280
20657
25258
17023
12499
7900
2254
3917
2590
8779
21253
3585
29464
27771
22406
24489
31879
20292
2072
15479
22805
26328
14941
9242
31859
18300
26849
14300
330
19203
30950
6780
486
14863
4333
29129
20385
19719
19460
26115
13585
16599
21971
15089
12017
31595
15204
24257
18384
31721
31926
2724
636
4785
11008
20774
32556
7445
8133
13902
18287
16600
6300
11641
27864
25448
17340
6391
26214
22747
2377
10082
22710
1707
7522
10946
13543
30258
9959
17763
23121
4836
1803
2161
9957
4174
3485
24664
8802
13266
9749
27357
12349
32287
18785
4860
29773
28787
16493
3712
22074
27024
885
6501
20388
22143
16906
2797
28946
13064
24549
8324
18849
5612
29295
6741
7529
17640
2828
1448
5806
3179
23083
20738
24011
22290
30478
1531
17374
16615
22618
17629
27700
8798
18782
24065
8307
20235
26659
9450
15242
1060
30776
22814
22361
17083
5690
16584
10527
4536
6181
20751
14503
25496
9822
52
24114
7143
22908
7534
13091
28798
26842
19077
24941
8829
13789
29488
32189
19207
16390
24111
22630
14272
19895
13352
28944
4871
21957
6211
31009
21492
30145
11908
4327
12816
262
11243
11146
6359
29826
19533
17844
22254
23365
18929
23293
1316
28619
13034
17944
24875
1545
14391
30655
6163
2618
21147
12384
15498
8294
22845
10372
25813
12471
26112
21508
11405
27771
9120
11242
5658
6136
24977
11048
2033
9459
2456
27131
24973
27135
21286
1053
25646
646
20599
13741
27476
9113
12655
23263
12538
29047
22575
15971
6547
8671
7034
25238
17350
30486
21195
12651
22504
24502
2098
16152
21309
18237
27634
2944
