26561
14462
21977
2426
8693
12697
19957
5252
8280
11005
26502
17502
30377
23542
17451
9354
19383
734
1356
1302
22722
10059
24789
5801
657
21240
17841
15184
26707
28020
19465
6150
1078
9868
27961
13061
14793
7033
16278
10959
28178
8906
12771
20987
1391
27408
652
15296
25389
22603
28328
1347
18153
19479
21681
26528
9130
17558
18176
24250
19644
32284
18955
28867
5195
926
14943
25226
14275
23000
5723
25736
13801
12608
10162
1192
27321
19117
18590
28890
3326
31431
16613
22102
27060
30765
30349
27056
31005
24681
28254
25504
10661
8085
22556
32399
31863
9929
8833
16609
20443
7500
21244
8197
29526
30838
7468
18494
24960
9830
30235
5422
15267
14185
7995
1831
25368
12837
25889
16690
19554
32393
3587
23515
26631
4981
13299
6338
15666
21288
1752
17123
4618
17005
12849
18336
15824
1669
25225
21651
187
21971
9914
1558
32147
18250
10465
29327
12559
11415
31525
7804
751
25357
29735
9538
19673
18260
22343
8885
29429
14289
17565
10598
27207
20948
11442
20912
18639
21893
17410
11649
15202
23692
12850
11497
32071
20353
30993
16228
11665
17946
20304
15848
7743
15886
27393
27053
30996
21708
30674
3007
22071
28637
13574
324
8331
25
30519
16525
25548
19341
2509
8927
24686
27176
11324
32512
310
24872
9986
24704
3733
2375
13404
26573
15303
11172
14539
7924
27056
371
1866
20280
15217
612
11596
9044
22733
11732
631
8848
31295
15030
30755
20614
6871
23104
25745
32177
27608
31061
17899
5306
26131
11445
14592
28803
5377
13286
8124
1775
30627
16097
13160
29816
4890
25213
32423
13422
4870
26524
31532
4624
5023
24856
20284
7756
29076
13419
26343
13910
15270
288
25862
26347
8708
4861
10227
14434
32613
19181
24075
12151
22503
10928
26085
3799
27051
28481
30287
9579
11053
26123
18956
13668
21348
26826
19280
16395
18333
11330
31479
16966
2840
19875
3977
11753
3167
19127
2031
11202
27754
20689
11761
29283
7028
3702
17527
15789
26523
29640
23932
13089
22842
3510
5073
16102
30982
26597
9367
13722
23531
8541
9338
18137
4260
8180
19629
3214
19229
3707
7082
17148
27016
4522
17831
30091
12097
24524
12503
11347
20834
10025
31078
26218
12582
28472
14641
27886
24575
24705
3913
19153
18805
8020
8998
30055
7877
9516
8107
29105
24629
17632
25053
615
8248
17807
22371
10951
23623
16457
18621
4640
1913
11390
2884
5149
8936
18215
22246
2514
32708
16566
15261
6024
1844
23998
29364
2888
9200
30306
1977
6186
10655
127
5441
31323
22001
4249
4446
20463
18300
32134
26081
12908
1624
4828
20560
23826
31353
32284
17830
27628
27599
25243
21965
32663
26655
16436
19164
20949
10911
6319
16
1745
24916
32752
11404
18224
27692
735
7632
28380
29147
4379
7675
23695
26230
21854
449
11809
24528
10414
6698
30098
21400
3145
1552
13015
6959
22094
8022
7781
22858
32043
32744
4222
7500
11722
23159
4414
24672
6267
8946
23908
14426
8351
17091
27618
23627
23322
21710
16419
22246
1910
9514
5406
661
28631
28829
11551
11099
23459
8154
21072
29288
237
31353
21514
20350
8358
3514
3294
19462
14722
17146
15713
21489
32172
25073
18363
14416
30505
31409
6126
16306
1804
29534
17639
24641
11103
13742
13895
32667
14284
14367
23278
21617
27919
24315
15436
17890
6940
28941
31334
25749
14863
7201
31914
22936
9687
17725
25460
26364
26786
8352
1628
22060
16392
19838
2886
28690
18679
29049
25127
23272
32353
4063
12695
31198
30375
6310
28
10865
3011
27432
9776
31621
23096
18591
21784
14920
17083
29278
15972
28871
23198
28629
10308
12877
30465
14402
