31377
20864
16055
15416
4247
23609
28409
2769
23460
31014
16077
3762
8786
802
3380
7875
26771
32335
17942
24235
19585
17145
10734
11022
25571
31274
25653
3462
26239
18445
7312
29794
12578
16387
28345
10785
28016
32391
29997
18605
27244
1218
21146
9303
29126
12781
26119
27286
9704
30315
5569
28799
13503
7330
23817
27908
27465
17309
2175
6892
30179
26467
19788
32406
22864
4884
10003
19309
28809
6345
10389
9514
31559
27433
11046
14541
2385
29899
2259
26969
20101
2383
19792
3154
11176
19515
2468
29175
30703
10647
13971
13631
22346
15431
20943
3990
10611
15915
8669
11348
23993
24056
19657
14338
14221
5844
11657
10059
20425
26036
5170
29124
24260
30838
23772
15452
6934
12989
2390
12193
14636
9360
18826
30136
22410
20146
7855
7193
25571
20671
1329
21774
17627
23819
20832
21739
21654
3642
10970
18187
30728
31391
21177
5774
24316
8533
8317
1748
14561
3359
25016
22456
27223
18689
2172
29069
3965
667
21636
21721
22265
30280
25381
18900
452
250
20979
2974
5051
29651
24626
27460
229
1412
15107
9841
25477
32102
24651
28148
1759
29786
17506
22517
21195
18273
9856
14839
25595
6138
16360
9869
23819
30271
14802
2780
15437
4286
5657
10196
16978
1560
30377
25389
13625
13404
28582
11299
3255
8737
20573
28658
21226
23909
3819
23057
17885
27689
17071
23598
1498
10952
22897
14828
23667
13339
29519
5215
26703
12111
4459
12611
14773
8065
854
31232
11226
4382
16187
28254
1770
16637
4299
1800
14040
6457
19180
17346
8934
8144
26657
24938
29172
13053
17848
29616
18312
12117
26037
24212
17825
23459
25473
27556
24379
13957
1874
30451
18338
451
9306
28632
2679
10098
11695
10604
6275
21709
11773
14017
21823
26318
3565
20194
28959
1168
21844
29839
7330
868
21276
23989
24603
28853
22515
22191
9276
23964
28597
7487
14183
18498
17818
28491
23477
16121
7967
18775
10690
6425
6581
4294
21567
24988
5932
9680
6197
20345
1246
6466
26138
26561
27035
505
3989
9594
26200
11804
1553
17214
5526
11292
30211
659
30100
26477
19196
3337
18740
21761
26734
19222
7086
27529
9022
19634
21238
25451
18445
8113
31982
31362
14918
12259
17228
14232
30696
3308
12873
27043
3601
12773
15887
24259
19022
10927
13023
3831
13476
13083
31749
13987
7773
11196
28029
7362
20884
134
31843
235
11648
23855
4635
27909
15232
19266
26180
26313
2282
5635
2910
15612
20883
4102
6709
27754
18206
5774
10261
22689
261
28326
29612
21619
24937
22529
29885
13865
31385
29075
14986
29575
16740
19435
17663
388
6175
17751
17566
29638
32373
2998
27950
6111
29169
24603
18211
2122
19277
30759
11212
29476
9336
6435
22591
4266
4969
18656
17156
1398
17830
12366
8324
11385
18579
3039
16943
1207
2683
17817
15472
16069
24672
5373
32594
9732
7299
16540
19951
24987
433
23922
16540
18742
8020
10249
15830
18816
25141
21326
