6709
15139
27899
15855
21405
347
10662
30285
23127
21283
21418
28155
6904
11416
5343
9529
29935
6005
19029
13810
28018
16793
24355
9365
9513
32573
2031
25269
31901
13553
11069
24415
4959
25947
633
16703
3576
24239
16322
9842
20116
17389
17532
1576
3181
28126
13460
4097
30201
24524
29330
9509
18898
19460
20576
18209
4713
25612
220
6277
28779
28837
5663
19262
8175
28031
6283
6324
9316
9406
663
8098
18237
1585
11610
17337
21849
13901
31192
27380
18228
4331
17168
13497
16336
7110
25793
1717
3681
9394
25344
2932
7867
1949
32379
32451
1148
22599
16778
25542
3321
27585
20987
216
1001
32167
5018
15653
5843
27932
26498
15369
825
19850
5159
21031
31618
18199
8735
12362
28328
742
14771
24571
7846
7954
19753
28134
12703
26219
7119
24045
10702
18414
22983
17673
28721
18950
2198
9445
24053
30085
19563
25913
28832
29793
18991
1767
5376
24622
23120
27862
13527
31839
7245
22162
29507
22589
14082
26784
17391
5283
20913
24226
18684
18814
4564
17200
9133
18184
10661
18800
9173
11967
17257
9339
512
8232
21888
30832
4196
30021
11054
16724
3718
19159
11815
19376
2988
20564
15580
6888
1030
7079
6536
22877
9371
31914
15865
11842
25076
3171
8223
5439
19851
29698
13142
5063
22002
10134
12915
26682
24004
4243
32400
3770
21836
25604
7832
14285
17143
8336
11153
3255
26234
28718
13740
23957
25282
27048
28174
5433
6816
28113
8540
3785
11313
7301
20233
10518
14094
7525
26975
13245
22841
14415
2638
4608
3778
31136
10488
12130
24636
24105
7160
8708
3043
17138
29814
5826
5514
5297
32236
25357
26950
31496
28341
22662
31965
31618
5466
13920
7148
20556
3740
21618
19162
28339
20545
25631
27776
31073
5279
25318
5781
6743
29417
6856
16603
169
12348
19549
15115
32253
5481
24245
5505
32706
21888
12527
26791
24623
20769
27035
10019
19202
17026
24529
26304
12789
7743
31246
19485
3328
13541
7890
1304
25170
24893
4858
32248
21005
20312
25053
15708
8644
10335
11049
4839
949
12055
29308
1193
5574
6455
19650
10060
21569
12650
1873
19715
31823
3618
9413
14130
6710
26914
19357
14045
16210
25546
658
26578
7124
17441
22203
29334
30782
30372
18274
273
19098
24785
5028
20985
25469
20594
17866
5886
28351
5034
6250
2490
17399
1473
4413
25431
17081
7343
28095
8958
13967
17258
15753
20227
32440
3311
18030
7377
30115
3091
3671
11159
21545
23559
9951
15791
3213
9644
5805
7379
22837
11676
31893
5374
31527
14068
18542
12835
25666
18147
9649
11409
18753
5364
29654
12321
22383
13339
26735
27173
2602
16513
14081
2576
23578
7695
23205
8421
20527
5052
23907
2913
3676
20375
14665
21223
4117
8083
12111
12592
6281
27414
12267
8879
29855
14656
12658
13253
16050
20475
4149
29865
8717
14279
21591
16405
23077
12355
31088
16561
27033
24954
5091
24896
17642
22003
28671
5005
27898
2423
1752
6675
13638
6304
25827
16495
12771
23846
24148
11910
2362
745
11576
17014
9603
25022
21841
7486
514
10234
27061
20012
4100
8639
4133
18698
28568
10505
24110
4871
30734
2679
27650
21095
19505
27354
14612
11498
30275
31103
15989
8445
18365
31548
19185
17827
30915
31293
1256
7458
17257
9868
11758
26221
30376
13153
1058
6485
15646
15663
23887
31086
5001
1131
22468
27586
11010
2330
15603
31544
13049
21281
29132
14274
18164
29516
4311
23626
31751
2332
2580
26458
18962
22865
25747
4749
19645
16698
32210
21689
6196
4799
25305
23258
7587
9515
7959
9149
23408
9914
7419
10865
21819
31462
29778
19309
3991
12658
16995
20609
2949
25139
26572
20350
32181
31137
18458
18340
15739
16929
26411
10704
10130
13840
68
14178
28820
26255
29426
25583
9013
785
8609
9644
17987
19877
7678
24725
26206
2052
16140
22624
32631
9562
32008
21797
521
19669
12030
26314
28698
30958
1575
29488
19952
16250
25353
31519
25236
3695
24653
16882
1032
26999
12127
17410
27463
29751
8904
10195
19457
21852
587
5633
11283
15978
1217
9192
14024
9283
2996
15638
2002
29818
31934
14194
10758
21333
21664
32297
17883
11940
20513
32604
15264
12612
18093
18570
9600
25458
4777
32191
32056
977
9111
6010
24978
25913
5614
4959
14248
23877
27831
929
9178
3995
18663
10541
5772
8698
14975
1175
26784
9477
1894
2501
17335
15825
1025
25182
21031
23600
22936
27376
29370
2491
22120
22243
27692
7585
9096
10017
23651
24882
31868
24451
24428
28971
17563
9978
10810
26559
5665
16002
5405
7018
10003
31431
20995
32373
8150
11412
19058
27463
16270
9215
24897
26994
27191
14934
5145
14201
31878
3784
14511
9571
381
25043
20927
3073
9680
15217
14279
27902
1275
18434
4489
1963
11296
6136
22590
28296
28322
11844
25498
27025
26754
2436
14724
12623
19068
5097
7570
20122
19424
9705
7238
11054
24114
1962
3594
7925
32385
7466
19949
1550
16519
10542
8219
11168
28550
21232
1054
5474
24797
23175
28375
31718
21612
10262
10298
31656
32430
8629
18637
19162
6287
29727
4830
32749
4370
14880
9095
13535
15524
11964
14179
4935
7741
22047
32525
5410
