14182
15675
21736
785
31241
28833
13424
5229
27313
9566
286
25179
29854
6959
10939
23946
5351
6333
8615
2175
294
19166
11104
7984
3299
23442
29652
7266
31169
31928
26471
14530
7786
25235
8642
16326
4156
27137
32097
22081
15280
26229
4059
3785
6030
21433
7920
26569
24275
26470
23125
3940
32094
15902
26174
2320
7005
8336
687
4335
29561
7209
23427
22764
24516
27546
19769
31642
18782
27407
10882
16588
26347
5161
20107
4084
30133
15807
2058
11325
22944
7001
10506
5734
20433
14440
18295
12388
8221
27463
31337
32439
31027
31730
8240
9096
25482
31369
31012
28552
30472
386
9001
9351
16247
24497
16900
17878
31656
26105
24673
4702
9061
21712
21920
1149
24600
9588
15459
29604
25660
10991
17881
13233
19847
18123
30151
19981
32212
11670
4955
12421
5842
30484
23216
28137
1135
30279
15136
27751
16898
5407
11853
7589
17979
12289
29678
7328
16843
11514
15963
19783
7378
19136
7127
22998
24332
25452
10399
10739
28347
7929
21942
12171
21076
20860
20590
9579
24809
289
22198
7070
3417
20457
1063
28041
14393
17701
25549
32199
13441
12978
21173
21445
27383
12786
32571
30493
18524
29837
4368
9395
25175
25836
17934
14738
32549
21106
4027
28548
27646
9592
32159
18291
20038
22287
70
15746
23417
10357
20755
8939
9171
22099
2763
14743
23490
17340
16093
28031
20492
22758
4978
18373
28864
4518
13881
30609
7902
30637
12272
3244
10438
1157
25777
16351
8545
10057
19714
25865
32273
27175
13210
25347
10073
29591
1012
19764
26700
24408
30102
31475
26807
11055
8222
14496
7693
13151
17425
28288
24343
31463
21603
22876
1624
15230
3270
12505
20289
31055
8371
22422
23065
5748
20281
28936
682
8756
26504
30996
30124
24573
2620
14705
12531
16928
13163
14524
23128
21582
22893
32600
6503
20950
11374
19980
24525
25500
17076
8794
19583
16857
15793
9376
5547
13716
13256
23537
9568
13796
27359
17329
21756
7394
12201
7922
29529
12400
21937
9617
438
31405
11301
26384
21351
11828
29544
32562
31804
4631
8021
30809
14771
12702
29268
30623
17117
19391
15647
3766
11024
15965
20306
20352
17234
26945
25780
32109
9856
17625
6984
30872
23618
10419
15890
16033
16047
32183
28841
7497
3775
22567
1921
29391
25460
13656
6389
6156
24520
22830
4887
20560
23381
1880
25144
23291
27078
5201
29750
731
27905
2578
9352
18249
7698
23703
23818
31490
14550
27160
30601
29894
13932
17156
11278
11699
16987
30141
6123
26974
22147
23062
10630
17334
10693
6286
31976
16537
23922
26953
29957
14643
5492
18130
7625
17179
26431
4243
8935
27948
19317
22800
26465
28195
32348
23526
2518
8445
31488
22407
24974
27406
32039
18098
16454
26593
13817
13749
1212
30419
8044
12130
18939
1646
6769
32211
16228
14726
17376
15069
30080
16918
11300
27733
11143
3544
23974
10245
27055
8358
24058
31596
29750
14483
5580
4921
25390
6088
19337
24198
27404
4128
7373
10709
8686
11395
8847
28107
