925
29676
1081
27397
10744
15362
19104
12466
31854
29291
21518
883
23231
27108
10510
32110
1590
4652
26109
4505
3753
10059
1637
10727
4910
2469
2586
31792
21149
2754
20503
16860
18378
15066
17174
15959
19839
803
13297
16437
1596
6363
32187
2336
941
5396
20381
18565
27119
15683
14450
5378
2691
18567
20514
4238
13070
11705
6847
9062
11222
17975
353
31163
8701
20848
31938
12317
31099
9519
19864
23205
17117
5801
24246
21221
20671
26693
11489
30864
10506
18477
20595
20714
19950
11161
1202
12526
6814
4822
18669
24129
12239
536
30556
21209
11246
15109
28085
3948
11044
765
9102
10395
19210
555
19062
31451
11820
1869
21457
12583
15167
15427
30839
2664
5154
5977
7692
2463
151
5460
13853
31960
18622
2110
29439
1743
15189
1777
28264
5983
23473
18790
7626
32430
29563
32187
12403
1818
1068
25094
13158
16866
21574
11996
5878
29333
5208
7839
29224
17723
22447
7563
8134
15172
23772
28288
4419
31540
25066
20621
29522
28428
92
28992
69
23927
19688
14256
7206
27066
14070
13382
5783
9816
25559
16720
11881
9864
454
8260
13055
14936
20127
8148
24417
16797
20065
5813
19231
16802
28005
16175
3308
10636
2651
16229
27382
29070
9226
27234
13574
210
9924
1511
9308
1570
5546
8439
23880
12122
2981
18207
28296
27534
20511
7301
27237
9211
31621
11959
30092
6062
26494
1585
26541
17910
26344
17580
22997
5003
407
23593
16012
5755
12236
10945
24494
13528
20855
1833
24074
547
23852
2567
3772
1911
743
8184
21066
25205
16000
12382
16769
26355
5612
25834
19469
12132
32569
24045
9435
18437
10824
24414
6191
24781
10823
17066
10116
12818
15093
14655
1831
32763
7573
11223
22930
26793
18863
17028
17545
26916
28042
24960
15350
17671
31337
9906
7813
15595
14472
13312
32767
16277
7892
21079
15720
479
27246
14715
14039
10599
12766
2192
19224
30201
28695
15204
28931
5565
17199
10370
2714
4128
23259
21495
19940
29571
21164
8930
24461
12710
29707
15293
31546
22227
7157
8046
17838
1994
16503
18189
9374
29296
20969
21107
14420
7478
29674
4999
21254
16714
18975
584
2547
7040
21674
26010
15427
24575
6252
15568
11164
15531
3835
13821
644
5718
6754
15610
25721
27814
30875
28471
25554
4292
29389
67
31060
6857
17478
23321
22931
18921
30006
3120
17423
15197
9521
16449
10250
9234
355
25558
15146
30995
25232
12183
24019
12983
20179
11604
26946
5770
23314
465
17258
13308
10308
1877
21647
32716
30818
1265
15011
14898
5934
3729
22115
3023
4775
22980
3633
1365
32583
4939
25264
28150
17410
355
12577
3214
10751
32466
16257
22415
11284
6835
28254
14256
16900
26882
11389
18773
9080
20455
2093
18621
16062
24003
31337
5357
24387
29691
18353
30048
16337
21127
4773
3691
1161
20537
31846
12402
22688
19406
28332
28109
11225
8630
27559
9080
19398
12963
32663
24700
21694
18131
12330
22561
13981
23070
1433
19152
18751
7359
2433
4554
11450
13538
22402
14731
29021
3313
7065
22268
17260
15007
6718
859
5785
19121
7741
10987
3395
32143
26708
6747
5998
16526
31889
30455
1413
28666
26986
3472
2769
11751
25753
9260
27576
22965
22974
14958
21430
29796
18098
25796
3869
32157
428
11858
9356
5499
17686
11682
2609
28446
7469
14344
29374
24559
4955
24534
28204
6064
13140
10565
23090
19786
17906
8734
24196
27734
24017
18475
28876
3945
4522
27233
7273
21280
112
28874
2538
19951
31533
14132
585
14504
28825
26268
27111
5069
30335
31064
28491
21911
3280
22022
27035
27843
30340
11575
8918
9247
17460
1499
2519
13016
27769
9324
2058
1408
3586
14555
30443
3042
14199
32571
28995
6022
20753
16174
31778
5890
1014
22034
17307
14855
15189
14316
26434
18983
6982
4881
4710
17511
2399
662
23567
32649
8981
31613
10934
27414
15833
24732
6087
13101
19694
26956
3799
21774
18700
18135
9381
28774
30135
13471
25042
24920
8284
24334
32096
28495
13616
19777
17132
7302
17865
14708
8363
25172
23929
1068
6438
26169
16237
11814
5301
29609
27274
1282
20157
18074
32515
28335
23209
29391
25018
32661
31913
29666
14684
18310
21037
12820
8507
354
1568
2005
11754
4492
3301
5138
8090
32528
9234
25921
24119
21392
4591
18733
6978
3571
24749
19841
13677
5069
4454
15639
14840
19853
728
9726
8142
22889
2017
13389
6238
266
27066
28074
4666
24055
20979
6553
18802
22722
22578
25222
431
28404
12203
31633
17934
27577
12383
22299
19138
32587
14356
14868
19560
24863
7959
14339
2345
26834
15540
25554
12178
18898
14194
16735
24371
24012
7439
17347
5881
10713
32318
25696
11595
2664
2595
7853
11751
12777
25994
23745
14715
26175
14827
8352
17155
10467
14366
30281
18149
13783
2782
31355
22478
