9370
11874
14782
643
15564
1046
32671
22228
31424
8622
6004
22908
21207
28643
5307
18719
21132
9781
27232
22976
31752
21583
21940
2575
16260
5689
32044
374
11875
24384
16094
17122
17419
1957
27323
16466
24711
2312
25741
6944
20702
5522
27056
7442
304
30181
30352
13856
13462
22981
2022
2819
24247
1923
13233
24706
31530
5677
22006
28540
32400
7799
19768
28084
15724
3688
695
22367
25801
3012
14952
17775
24714
4413
26295
23709
19343
12888
31743
8505
17805
12832
32709
15281
19114
22670
20408
31203
26843
12979
23657
6434
28414
10667
21450
9482
29110
7234
30568
30468
16906
26467
6760
8856
12733
2373
835
23158
16747
19283
11585
6722
5224
7903
9655
8482
18008
6279
256
2313
32398
13923
9020
1730
23845
23796
22731
7868
7649
14028
31368
23192
3267
25341
6597
19315
10350
7746
28683
25843
3644
21232
3726
32019
3103
15258
2418
31919
29754
1159
6848
3279
3643
6101
31014
19635
17022
105
24178
23714
23267
3998
31181
18803
30059
12713
18871
9432
1173
7374
6598
22126
31099
18244
8222
29061
29611
20457
30383
7087
4806
17830
27698
20490
17883
31136
26849
2893
13441
18467
25337
11413
7606
1103
7920
5869
18555
29312
14198
24479
25131
32127
10542
5437
26271
4714
24105
27502
28164
20323
29991
22394
31863
28923
16524
27027
12133
10845
14627
28393
25765
21562
24726
10348
14162
7800
20393
8799
28266
12442
27706
30881
14632
25837
761
5050
21793
2680
16615
10920
31264
22945
18576
5480
10179
1951
24327
15427
12498
9379
27814
12253
8290
12486
19843
13823
21678
5041
11697
22303
27568
25358
27963
14517
23939
9138
18401
20541
24696
29063
15504
15114
29434
14907
28835
18129
10018
30378
2780
30449
3097
3852
16928
4739
20785
21982
7158
1830
32450
17809
5822
11399
24774
27893
15281
13491
32564
13924
21660
21788
16413
30126
16732
29804
3975
26824
10520
26893
10509
5939
833
5237
24371
15406
13387
26418
31882
10139
14888
6585
6791
16817
9353
9710
2596
7527
21715
19827
10804
17820
16867
14513
18311
12550
15234
31399
25281
2273
27047
1397
30715
11859
879
23463
9239
10913
31197
2626
17379
30228
4689
14225
26869
16809
11466
21164
16448
12155
12763
12237
18042
9713
25710
7506
26158
10663
4924
15761
23456
27166
26120
12640
31332
27938
17054
24415
12477
1279
1423
25612
25782
32099
2729
30340
1794
11025
16697
19994
30613
19019
18432
21657
6143
22524
19702
12633
10123
20905
11456
30980
17691
2070
3571
3622
12993
28856
29702
32374
14110
8670
1561
26854
14459
26013
1384
14444
28073
3968
12173
16270
16536
236
2169
176
16058
2133
18481
12061
13077
1827
26696
13527
17962
2658
3360
18719
16266
16940
18143
25539
17713
982
26163
6442
13481
17117
24774
11040
29151
11407
384
23138
18372
21113
24704
17641
13987
3988
24280
23799
19525
5166
8714
17634
25030
17562
19270
7075
23349
22167
26209
1566
17647
22913
19605
303
27320
5433
30459
18552
17566
27605
31945
24045
21902
10760
14667
32284
22451
29264
21923
3389
21138
12002
12864
18686
30439
13909
27679
19211
23613
3856
31172
10335
31823
32117
7159
14669
2081
18634
7743
22093
29406
25324
8992
5511
20080
24242
30739
21793
21985
24866
11593
7753
16757
31062
27936
11521
16515
2860
20322
10414
13591
14513
9280
22878
3402
30283
29457
26076
22108
13736
10442
26230
26006
21354
12860
22665
13026
13199
32273
16081
16678
14498
8836
31346
12389
419
8931
10437
21909
6839
4294
4579
29758
3215
1293
29684
30167
30362
11419
14133
15072
8170
25812
22218
25022
10983
9175
2633
8027
22454
10363
31746
1402
359
11787
6160
21210
16865
8130
16417
10514
26765
2053
28677
17447
12229
14178
7927
4078
23803
24396
27054
14117
14249
7316
20771
2127
764
11687
6689
19539
26176
20618
6542
27347
28682
1174
31099
30797
8231
11251
17133
2548
9288
18645
14441
27468
13161
21113
19777
4488
13318
24030
17825
26787
6397
5700
19289
22080
8513
16742
872
3651
26181
19318
28748
5419
25890
5852
11532
3126
28302
2991
19713
9011
10621
8944
27752
19493
5268
27017
15785
3228
12882
14088
8037
2259
19454
5146
1858
9354
30542
3274
19830
21922
19164
27255
9492
1146
27977
4503
19737
5644
27438
32558
17974
31686
32711
8716
6491
25897
15454
3017
31496
28451
14969
13697
22355
27949
17603
21584
4792
10276
8891
31116
2979
12008
29470
31429
10431
5303
16661
23934
32764
14663
16414
17064
25186
30373
23228
3554
22681
20688
32734
17523
23604
788
23313
24579
22977
1832
25444
4380
18321
29191
27935
11620
23880
17039
10787
17816
14371
32218
17695
8008
30732
13664
888
3669
8543
21193
6645
27178
20346
17811
8238
