29828
19891
15285
32424
7367
28914
13488
26193
30927
21685
19283
25121
30231
13972
5524
2500
21322
21791
31401
13116
25948
25805
25483
24497
4712
26539
30507
10491
7752
21440
24183
31727
9462
13378
19467
11117
24230
12668
17335
10278
2463
11130
23989
26926
5597
21370
423
20805
28264
28690
21842
7397
31858
14368
23325
9483
16435
28790
31816
709
7045
14403
31468
24448
10814
12352
1974
32271
17489
26782
30562
18555
1444
16818
21497
28301
30639
11102
17867
24860
14553
28479
4140
13847
15761
29080
7662
16721
1839
5377
22946
28175
27785
11471
19853
9555
20565
10818
18284
19687
24898
28785
31720
11048
16341
31478
26071
15256
9732
17241
23865
16417
27795
4413
8685
6954
2610
8525
22070
15964
26707
20196
9458
14897
10701
11391
3988
14913
16178
14051
8166
31307
25841
3853
31104
6
26410
26334
1799
9638
18260
3203
16167
16685
8081
16550
15694
29814
24524
17238
10797
29186
16536
17335
12272
17025
1992
7785
30264
22304
31438
5817
25052
29845
6868
30346
5220
17132
1692
16641
26433
3599
7704
25587
24270
790
17353
5136
20743
30292
22488
16332
15371
32285
18677
17681
2131
28249
22259
21926
12976
202
25376
13917
6662
13853
27238
17663
27851
15282
1315
28920
29245
25131
2248
4803
11110
28854
10035
19987
2000
24859
10189
27335
10760
20612
5731
20619
30677
12559
965
4429
29238
2070
13345
11878
4380
17721
22300
1157
7916
32304
9654
2651
20403
6994
475
19977
4135
16612
29640
23881
18529
290
8483
1118
3676
8975
6617
4028
1069
2557
5815
31863
24064
2524
1480
17262
19414
13378
113
11060
17152
27198
1869
19649
25434
16093
8137
14045
29768
30328
12159
23624
13682
11972
12627
14506
32575
31639
8272
22590
28435
1147
13376
11836
6983
28404
19469
26123
2796
8593
8666
6947
27968
11189
9441
9156
19692
24098
5387
23128
15107
24650
15441
4521
11707
20054
25045
8130
3817
11251
21183
11174
13886
14303
7384
10676
19268
27702
22249
13013
19222
14205
4817
8811
11746
14955
21865
9977
26656
5755
12312
12690
17295
6451
22581
28675
19444
20529
22559
15808
19346
20986
13854
14223
4968
18306
11512
24054
2861
635
21075
29285
17676
11358
18126
31524
4383
23098
19421
6651
19629
4415
23400
8611
26916
2058
7459
5615
26325
12462
21932
698
16241
22406
11110
21903
31815
25277
23831
9755
29755
32410
17988
6483
28037
17036
19784
19301
7983
6905
5942
27744
20045
967
7540
31650
761
24487
276
19973
4373
30756
14321
19145
28864
29295
28558
2879
8853
17639
16814
18747
7078
31083
5811
18487
30011
18528
20919
9543
23626
22657
8812
14785
31926
12137
6324
31912
25672
7906
22015
3805
6510
15083
30824
24068
25014
9355
7055
2615
29704
13656
2868
31341
4774
22470
920
19369
18661
6192
7060
1762
18600
15016
13430
18869
9121
24959
2975
19917
23623
4243
18909
31502
2710
6491
11401
28804
4234
15283
9312
12302
6745
1896
1570
22730
26227
19075
10476
7232
4410
6230
3670
23117
24705
13640
28748
4054
19143
29536
20653
1064
13872
19346
26277
24881
11079
16333
1483
8801
30581
20928
23290
1630
31552
6768
6895
28522
8261
20091
32423
24212
13044
15145
10614
30114
7181
2104
21735
11193
13790
19044
24151
8402
14649
12984
4688
15325
32311
26263
20902
32690
3248
19593
27732
17084
14454
22983
19988
13668
17748
11397
22720
25407
20169
32513
2155
6902
28548
16208
15678
26873
25759
22499
18196
4323
10396
29916
3797
12716
16928
21011
31123
145
17009
24038
24934
18115
12209
15556
16392
3537
22232
31097
26415
9943
16754
28215
25262
30820
19230
12904
24650
16172
4802
6454
14685
11634
17295
3286
31277
5428
29112
21144
777
2323
1777
944
7977
8201
31402
18113
11587
18377
21000
5679
13805
20981
9128
7969
2998
10242
6930
1368
20738
20971
14335
6067
32681
15257
17739
16766
20047
25869
