1361
29951
587
7498
15396
5999
12135
8230
14062
6894
32039
134
7172
14733
4697
29125
8222
25576
25545
6159
27073
32291
29586
9152
16240
28837
14632
18043
27793
2199
32289
24074
2337
25627
15302
28921
4119
26189
17757
22769
28825
28410
19252
14037
1506
21026
622
3230
8686
19248
32141
6391
5866
26612
451
20632
27486
10084
25848
4451
9496
18455
16538
27455
22232
637
1321
6840
23741
10975
14974
4435
29554
30490
30942
10162
5656
25627
26306
21868
20210
30489
18276
2730
26322
22165
26121
1922
8007
30483
27153
19731
25475
22421
24512
1125
7182
2524
458
30462
4397
606
4000
30019
2064
27654
15485
18069
1726
31662
815
32551
27329
32605
27302
22433
16017
9536
1854
25206
31169
13930
17612
15110
6123
16715
17770
2675
12893
28658
24835
32323
2176
1538
4509
3258
8972
17014
22633
8949
32238
8468
26508
6342
25844
14258
7339
1619
28478
11052
6201
22381
17765
30752
32128
14513
7784
2928
10096
14945
8027
26229
24107
17664
2510
19203
22860
15279
25854
11041
6907
26698
3518
22661
28594
3394
22819
12242
7884
14648
13810
15248
6098
14430
30922
2799
10373
16270
16146
14395
1963
11560
5280
23326
16538
31660
18478
25241
19333
16923
6781
4801
24202
24077
13382
8761
17271
9106
3814
13171
15968
11977
15301
9638
20705
13122
13962
31118
26163
25877
11776
17894
13297
22463
28614
30630
23464
28351
25273
23036
6433
15349
15394
8716
2413
26549
23456
31336
22197
32430
31188
19022
21694
16766
5582
13476
23103
21009
19770
2740
25315
23229
2890
11943
17948
2846
14947
8643
3758
1715
25735
14948
16118
8501
28293
15804
3582
1211
23010
22858
26947
7567
14726
14363
