6811
22
24600
10260
17994
32401
24582
11821
3020
20273
10082
1171
7934
3490
14005
25387
19058
24948
13460
18780
1293
14726
8858
21847
17762
21041
26151
17448
11981
29236
8412
26238
29775
2658
5330
5690
3373
9229
4253
30906
5959
18993
7939
6626
825
22880
30332
11246
26163
25201
25705
30714
3481
3048
12309
19278
12378
7716
12652
28011
23056
9803
6013
27351
27612
23542
6833
16551
20223
13723
5833
13521
13625
22462
18585
26415
738
19159
11142
26450
16073
9218
12992
23308
9168
3177
23104
444
12355
21361
19329
8279
20221
30631
4606
8763
30265
21097
7022
31412
22585
21076
32706
4938
409
28785
19674
21200
368
19486
21003
2350
30508
6590
10066
19433
8746
20512
27732
3959
20248
16560
31517
2373
16139
1632
2709
9860
25695
30548
31937
9143
4434
1360
21695
4350
29791
14562
4224
20255
32348
13135
25155
20825
3666
25406
1493
12265
32544
22566
11658
22361
29390
24697
17145
24715
30642
24205
30587
23945
25413
79
24675
9994
32450
17830
6906
30403
24964
424
13377
23156
5405
17023
20582
19373
24374
19481
19970
30820
19753
4499
24856
2105
23903
22883
25038
27267
25195
30792
19177
31010
31715
20209
9226
31748
16642
30319
21418
22899
30975
18268
5335
32549
32043
10185
3243
20482
8397
19433
15249
8883
15038
21886
17975
7407
11459
32263
21074
30596
1197
14246
29461
30503
4914
28883
24943
9725
5258
26307
31751
6629
18121
12950
19192
21388
2559
32067
844
558
26129
1604
17978
14380
4694
26881
