16484
15682
993
10714
21516
30800
3659
12003
9483
28466
27002
13431
21877
9458
27567
24828
24759
30770
2673
196
15387
9923
27635
22793
29722
28424
9030
11945
21093
27401
830
31906
22706
342
13350
5709
7239
1954
30755
12635
20040
29467
19049
5008
31936
12938
17695
24641
22640
3631
31251
16782
2907
10586
10781
26976
27661
457
1877
9762
6575
2245
28148
1854
19660
12795
16395
19806
26849
5147
20454
8799
6822
30514
1341
21781
3871
27848
10528
5314
3937
19897
1184
26707
3365
14804
15934
23904
27662
30005
8725
10977
5050
16226
16582
17329
5770
40
4391
5317
31026
26163
