18240
26573
17702
12228
5826
31425
14197
16666
22251
28158
25354
26808
9219
29758
10767
31534
17666
18429
17583
2313
1502
17876
573
1671
27285
20630
28965
13079
1785
23340
6547
31890
1854
13361
14053
23100
13636
28492
7121
23417
1701
2129
11606
26191
32638
7191
8292
24991
30206
21271
26186
18211
688
22985
29668
22822
10632
702
20352
30727
1967
28286
4501
21355
4622
21791
17442
29509
12444
19882
19687
21639
17000
12077
20039
5541
22118
26528
11000
28366
9465
25720
6256
29162
5700
26893
27663
20050
24881
28332
3853
5201
3901
27260
17698
13406
28938
5393
12791
13847
20386
4050
18767
25341
26252
1035
5620
24818
29329
6097
868
30835
24907
21657
5689
661
28018
23447
16217
15041
13286
984
13793
28719
3452
15902
978
21283
14729
23167
12665
23018
9519
3004
15264
31124
23402
17506
16503
11886
27097
18851
3903
4166
17997
6130
1724
28254
275
30048
28248
12076
20481
19897
13847
28632
15939
13405
18751
8050
3299
10208
24515
4598
4121
29537
31347
18178
5464
18859
30182
24657
7701
30221
24611
1023
31573
16121
32018
9851
5630
22111
9637
30795
28633
29639
28101
29571
10602
29745
15615
17667
6256
7084
17899
3443
15162
21688
2144
13824
5296
2397
19033
21715
15645
29192
13221
23894
13245
30248
30802
6182
15626
31372
15831
7894
22983
14715
9988
22377
8905
145
12970
11150
