3952
10144
1796
21945
16481
23126
22083
21445
15276
12235
8132
23556
19282
9312
22970
14512
24345
9987
8898
23359
334
5435
15109
30028
23357
27637
29456
13382
1389
14604
11379
3034
8092
6554
18459
15137
27773
20737
7791
30857
27956
17591
23853
28805
14477
26837
26371
756
2560
26975
4333
27474
17509
7249
22865
16289
25719
2158
29916
29205
7947
3272
19738
16770
9996
29966
19672
17542
22333
1688
5690
31606
15278
21044
32411
5385
14075
22190
27687
20935
16200
16417
28986
12847
28412
20480
16759
23467
25920
14819
23720
24628
12854
275
2905
21701
19194
8916
2355
25217
16729
6517
31001
16035
15188
1048
32516
13609
26195
32578
7071
12864
25129
31265
9634
30318
24523
5281
31983
24962
28624
21037
21357
59
15528
11589
10152
18619
11420
22468
19749
12714
10121
13295
7814
4137
31836
21053
13667
26749
8780
32745
17378
7544
20954
12856
27676
10918
12682
23178
12591
21821
4703
28451
24099
32706
30743
13495
32382
3195
26923
5303
17573
31384
17029
3166
31225
10784
2815
122
21677
29341
672
507
20329
30854
27029
20285
24224
28017
15089
7701
8114
9973
22308
31389
24001
14432
23101
18111
2131
31518
6623
9860
30636
12772
1797
25882
6889
12959
28533
7847
27612
17184
23301
15056
17579
5252
145
1032
29479
2404
3767
26521
9709
12994
17497
10867
3903
12206
5328
7863
22944
23483
21488
9731
18993
30758
9664
3195
11470
15295
11766
2204
26088
30111
15157
27584
17952
11912
27141
20337
31657
29978
31638
19310
15706
16571
23604
125
2966
5956
5514
1014
8924
24940
10390
30732
31789
6645
2928
23770
30497
17304
18106
26162
2504
20913
28390
25124
4673
28586
29995
31824
9756
21289
3141
27116
31601
1273
7407
19092
18365
19641
1569
18901
12416
11079
9481
19831
10647
4074
24779
15502
23897
13378
13817
11071
31348
19183
32209
30547
902
27908
27961
8573
31867
29226
1915
28523
4521
8084
192
8847
5292
22950
19534
20394
27395
17509
21121
8989
19047
32413
2699
7663
24303
25556
29675
6045
14053
241
11182
4261
4198
10156
6505
8657
25787
19637
28658
5188
19834
7332
32225
28230
8028
29603
2505
207
22237
9181
13878
16853
12950
13989
10598
32597
5978
5223
29896
14115
6674
16207
30774
8050
19289
3259
15601
11299
8406
2401
1120
7374
6237
29760
1672
24465
28869
31816
7242
21659
5255
11464
20832
15991
4635
13467
6678
27417
15891
29714
10440
25001
23284
32160
7967
8467
25303
30024
5898
15179
20164
31431
16254
22881
30665
2689
2286
29768
28126
300
7561
20070
24697
11838
8503
31195
29935
8471
30033
30609
9873
7406
31778
15112
3202
24445
6178
7902
8538
9836
25324
5665
26748
8063
22532
9813
3383
12158
28491
30276
22431
15336
25406
32136
4905
25430
7922
8409
17161
20656
4048
18199
16460
5395
22288
13078
7604
13438
5879
11821
27991
20799
22479
20349
17398
8736
16555
27650
5662
8016
8151
31579
19201
4627
32545
32089
8466
29481
16331
11337
16482
17408
31307
2050
5821
20121
7625
1453
22915
30778
2901
28759
18760
4824
10476
17976
4907
22851
10281
7873
27639
527
31947
25959
16635
5446
16106
30002
6825
28879
29944
24836
3313
10141
378
29866
20827
10135
12420
15012
26343
21066
8438
4788
21412
29777
1401
9513
25618
18304
31031
16104
1081
27603
25692
25151
3718
793
11345
6250
11368
23392
11187
20449
9391
21535
11797
21351
13215
27174
27515
9683
18647
5702
16273
20125
18148
27328
6318
25384
8356
7022
23181
22737
28764
23731
12485
27580
25753
17700
3342
9817
7879
7667
19762
21944
24466
19999
17620
30354
7424
19550
9956
26387
24139
17349
2782
26984
31104
22333
2501
17165
3800
12198
12003
1236
24025
16584
14397
18356
20524
28926
25304
27223
22077
4001
16047
7009
29077
17973
18031
15490
2295
28758
14072
27194
25148
1632
25236
13423
24046
1761
31733
21424
20647
2752
5361
26439
