7059
15516
809
19733
26821
7086
29370
5356
22152
8646
31614
23549
6925
20897
7552
7213
7335
17222
32392
7415
12600
3334
25965
6846
26719
16437
7710
2037
19551
30117
4718
17393
17870
9702
9123
25481
3586
18752
4285
26483
23611
31597
30086
31838
14736
7959
11870
8399
10139
15636
11459
19644
1508
7011
2211
30441
25102
18406
23137
5126
7875
4829
10665
27525
7520
13606
31988
24125
22113
7735
21978
31424
3211
9687
9755
31612
1756
7583
2411
2708
32050
32308
20481
26492
9149
11330
9694
19031
294
4407
25310
8464
31612
964
20352
570
18403
15380
27252
29096
10491
20426
31466
21196
10257
29117
31637
9424
13576
29043
10881
25718
22790
13918
18842
12208
26590
13017
23544
1791
23616
2784
27627
18572
19106
27282
9675
16647
5869
18536
21372
28227
22760
3891
1219
20366
7013
27607
28748
24530
25134
15049
22903
5485
8877
20810
1766
976
7005
7777
5575
31449
13812
24473
13794
16369
24653
25983
6754
15589
2071
9178
11107
16517
9536
2472
17471
11518
32543
23773
2712
12280
6243
5595
10789
24687
28095
30384
317
24146
29523
23057
2597
20446
31961
30234
3354
22711
31892
3779
26397
26315
17657
21538
29057
28903
14618
26723
22069
789
6102
18823
23762
13501
19906
6879
31844
25719
31190
2631
15864
21937
4311
19747
15337
3077
19336
28955
18923
87
19344
31894
4564
2994
9002
6903
12590
9184
11151
20634
9085
17867
22051
29325
1360
10646
25697
24079
31754
7290
12936
11209
20078
7266
259
23246
31212
4422
26777
12116
20653
16456
25945
16688
27744
21649
9283
30227
450
6632
32694
25478
24816
17687
22174
21671
11884
26109
10841
28577
8433
24435
12142
14061
20471
224
15597
25162
24324
7578
18084
19325
4537
15875
19974
27337
5272
18016
30171
7981
1686
12152
9385
15968
3940
11505
25054
10381
3709
23914
22978
23502
12016
24663
13343
17258
27627
28064
10669
16079
21003
19193
1088
7246
2405
15103
30128
920
29780
16920
29068
3068
28417
23815
30078
31326
31667
1362
27772
25334
26588
8020
6324
10958
13791
11808
12340
9465
22434
26908
6237
18324
1496
3930
27653
13438
16395
5301
14447
4567
16748
1200
7404
28217
30298
14094
14669
11449
16052
12849
5904
13468
2271
22323
31046
24793
4502
13254
16197
27475
21621
5580
17939
20435
31043
15541
29837
25287
18946
17564
24154
6076
32184
10017
10643
13213
25596
28164
9008
26281
15679
29574
11825
2614
19424
19584
31120
32295
27118
14400
10474
25134
12218
12839
23527
9922
30500
259
16494
12767
18339
24621
7051
4993
30481
7778
29979
1502
2876
20066
21053
13670
10285
25930
10872
3195
5942
25266
940
32496
12989
24198
24762
4419
17099
6309
28403
6043
5716
26171
7745
26752
25924
6367
4119
32604
18254
15211
2330
19125
19315
16543
20876
8744
31828
32629
12413
8229
23865
6466
28080
23404
11229
9617
1614
15435
29439
16319
77
27028
14761
21078
2206
2400
23359
15402
18457
20871
21575
11061
6953
9178
4090
18740
6199
12839
654
5630
4311
26090
7233
2983
31157
2003
24869
26712
25917
25340
12718
14828
32013
24550
4093
1867
9756
21305
28138
13191
15271
31800
20436
30392
3295
28422
20520
2199
2388
26266
20402
22749
18463
14979
24230
29017
21970
29789
10861
24020
29985
16655
31793
13733
15949
14794
5159
8979
18772
16577
28063
1133
20186
28072
14285
747
27605
17903
3925
15171
29692
15547
17560
21515
32493
13993
15041
7633
7200
3393
11150
6396
22928
20028
23519
32097
2339
12918
3327
8100
28894
2225
14006
20565
20937
4111
22027
4294
29091
32334
23769
14766
4934
11713
3608
28543
2520
12050
21225
135
21175
15033
21598
2249
25122
15931
26127
30616
3752
291
3422
21241
18257
7617
12677
21686
142
18853
