14577
24219
24200
22547
5245
30003
8272
12866
14738
32311
19538
23193
17858
23837
15815
23369
6884
23623
30412
18099
16508
4095
3497
26825
28649
27956
8927
12837
14161
4082
11251
14566
24397
28067
7933
27470
32595
28423
19183
20508
27879
11765
26790
28842
29057
21199
12466
18631
29501
19910
486
22610
31813
26579
25758
12955
19710
26480
30419
10105
25845
17690
3296
25131
11912
11144
4881
6639
14676
16296
31729
12388
12130
27742
18256
22944
28944
11772
28182
10769
961
6527
16075
9748
16196
7055
30434
12119
26117
11061
9416
27631
5110
27738
7857
824
12347
32259
6685
19568
19864
28750
12332
19219
9627
7724
23207
5364
6793
26332
13770
32288
27657
811
4819
9842
2706
29293
10059
17654
13718
15161
25879
19710
20587
31720
18237
18694
6654
1740
8055
1865
13110
1585
12410
29727
8233
25621
8451
15901
12289
29094
5030
8171
30637
2688
28502
27619
19271
12195
9395
13679
25160
22070
31767
13343
4718
26109
14431
15501
19816
9116
6777
27377
19783
649
4530
23427
7077
6866
9405
3220
24467
16020
24450
18027
7748
27447
20908
9440
23162
4714
27121
7866
16052
30434
14880
9930
15892
6354
28652
17092
22546
28201
3706
13280
27363
25230
13484
3380
16551
23324
31787
21456
17237
14813
15671
1175
871
7432
17198
7136
32069
22010
15837
31440
18802
21494
31626
18037
9080
32413
14269
7331
29588
15404
2770
14991
18210
8055
17984
28973
25543
31145
18855
841
24928
19385
7323
18791
30381
21419
22835
14172
25789
12683
13136
8105
11545
24618
10413
20634
32432
32151
9643
26403
1414
8028
10970
29557
2331
11902
16199
19299
1436
1842
15240
9848
11212
22623
14728
24532
29616
32472
13587
31179
11773
22614
10528
16188
16450
18998
13794
7857
30677
30712
7053
6971
8063
25971
5608
28427
17383
217
25751
15312
21183
20591
3110
25812
176
16393
7125
28374
8710
19014
1062
421
25115
31121
18983
26497
1413
31955
9088
9777
8959
19448
18235
3556
32536
6184
32598
22984
30365
962
18186
15980
9159
24088
473
470
10789
24301
5978
31076
21832
7599
32708
2403
30256
16500
3388
625
11129
7863
32222
30867
69
21455
8845
28693
3560
32051
9851
31781
3158
8303
17271
11054
32077
29925
28410
23797
24130
3396
19440
24182
3341
7370
27974
26492
19284
21561
13623
22019
3255
4762
23895
17229
31680
26037
29532
20166
24969
5707
22191
15001
23594
15386
695
13838
4073
5518
12768
29098
16161
8007
9581
22789
29934
10063
7683
3689
11934
22551
20721
1071
12247
30518
26176
20442
28040
21474
19326
4848
15248
8490
26443
5532
10545
14329
31136
28421
14387
31947
13538
22380
23256
25900
23467
8
25731
22773
28499
3233
22823
27462
15168
2798
18288
10050
18674
944
6580
27789
2253
395
2456
6023
15269
10663
8834
28997
26892
16906
32450
9043
28251
16819
11135
11052
29313
18039
24419
2422
19086
3229
28678
10494
6910
17464
12828
14710
16838
24647
12381
31216
21792
15245
25911
12057
17175
12081
25398
16694
24017
30486
6191
15840
24736
32760
5936
14719
14791
31563
5415
19592
9484
21716
1109
10358
25346
26116
31344
138
6419
791
19867
16962
9807
15857
5126
22937
30968
31411
29285
32004
12489
12832
25874
15657
6666
32179
28673
21597
19797
18812
24935
29156
37
18366
4906
31976
21028
586
22279
2869
9009
9626
31109
1978
15923
25004
1949
17600
25760
31908
17190
30183
1740
29473
29186
19941
13554
16987
29707
15358
5380
14337
19387
1347
26930
25556
1437
13706
29500
1795
10871
9265
16504
7493
10292
2194
10914
23481
23956
23108
6503
16765
13458
30999
20656
5648
30616
22734
22447
29032
19813
11418
17578
10706
1978
20059
31114
17294
12488
23958
7458
15910
857
21044
23873
23442
14784
32512
17782
15629
24450
16350
13990
29109
4545
20428
19279
21221
23148
666
13465
19027
4648
24169
23585
24040
29949
20709
22149
7522
21953
31810
29359
19884
7237
22520
29154
28152
31297
8509
13446
29346
767
22343
26547
20933
4554
16190
32639
15769
11030
11267
2568
10387
17516
1443
10048
28474
7964
19609
12667
17355
8608
5319
25274
14220
23506
13363
693
32240
8654
8578
27050
17776
27045
15925
25576
16932
22470
2213
16922
17955
9773
29119
8788
928
21065
21120
15839
21697
15790
15663
18373
9534
11647
9822
10267
22974
21657
8606
8209
20722
21632
11781
8891
23149
24842
20065
28316
16202
29389
26937
13303
14460
13385
11399
21462
28403
5590
28984
983
24948
13388
23135
25273
19509
32372
11325
18858
28219
17713
5874
26190
18548
8814
28927
27023
12948
25287
7555
22311
25008
24055
6705
16879
15515
27140
28948
229
6660
21804
2562
10494
17484
4749
6113
22449
24360
1432
7581
6720
2811
6196
18149
32196
25072
1969
4264
5120
10971
5235
32083
30946
24013
91
20679
9432
22137
2036
4124
6105
20554
16994
16664
10542
2112
5131
9581
2052
8334
8194
28086
14515
8693
25656
8240
6860
14046
27745
12088
17381
31802
18343
31624
15139
1050
11538
15921
24972
26125
31410
5720
4874
31037
31633
14000
19518
5192
8284
28347
24842
28383
5835
3008
4061
289
27606
19851
32189
31925
9366
27367
26390
15273
31227
25052
4420
16654
9011
4009
18658
10064
23253
19584
30928
6230
2769
1796
9734
11101
19225
7043
23580
17556
7947
25331
22165
21112
7589
13742
29423
1262
28775
24045
14187
23074
21767
13830
31388
7457
3543
28261
30642
12856
27895
14156
23428
19724
26170
19018
5727
27766
21465
3964
32400
14372
23002
23175
4019
7153
5182
31569
21178
15615
31725
7810
15036
