24540
30558
21202
10220
11838
20602
9340
20442
6807
18218
3649
23261
19812
4751
27225
3706
5852
283
19567
14700
5013
32200
1074
28993
28663
11547
15516
3505
30305
24028
17408
32193
21533
18834
18646
21148
16644
24768
5959
7212
30192
7906
9079
29563
7654
8742
27796
20173
11776
747
1187
31609
20508
9979
18693
22923
19527
3207
6092
13595
7399
18662
3520
22892
6570
14093
6447
14788
25906
4557
28024
19469
2429
30160
9046
28976
28438
1873
4589
1837
6909
14238
11414
250
24407
26191
29035
8226
27350
23108
13457
11288
25318
20064
21576
17247
29853
3591
8628
8796
2144
23896
2665
31734
1108
10538
20152
16371
18827
15048
20667
27410
22507
27500
18466
15592
17630
4990
26300
28539
28859
12681
14789
19616
9975
1281
21490
15637
5388
6327
3133
11613
17445
31000
23920
25695
398
4649
12915
10173
25054
28995
11095
18933
19170
26254
10014
32314
12360
16958
7760
3600
28432
10640
6719
19626
29618
16259
21781
25603
5903
7511
20130
22462
24090
22214
25063
22974
2115
1541
10081
19589
6311
7033
12311
3918
17913
27962
25955
28649
32046
16968
6528
24153
25323
21903
5335
15918
32687
3229
11273
29091
704
24093
10939
31352
18391
9243
7973
19598
2954
22006
21082
11844
31357
26148
31061
17043
1864
16297
27335
6380
13095
8021
26018
24269
13668
17600
13413
3877
11653
14086
14630
15213
19509
6467
11873
19074
7923
19149
10371
18756
27260
20276
9268
10481
16377
14842
11624
1855
14569
6675
27428
23611
1484
8475
7184
10724
15253
601
20418
2438
3021
17784
26820
13016
21383
2303
13163
22741
11527
28821
7511
30810
28721
15095
22985
