27673
19499
8184
29818
1531
25875
14853
32713
11022
22
4538
4745
19926
11039
6986
23368
15577
25361
32455
4518
15682
28714
23067
22172
13112
7478
9922
19856
29692
13683
16200
14873
7621
30023
16518
11922
4443
22948
17052
5984
26997
31287
9645
12035
3027
23124
28254
9951
12315
23713
28172
4296
30837
17796
13007
21840
30693
30797
31539
17104
17003
23331
10673
311
25308
3504
29679
30357
21119
24204
18876
26726
20071
11114
12233
26015
9875
6149
2600
17786
25286
18376
4742
18178
22823
1600
30249
7518
4761
2626
22440
29917
6360
16347
12396
15557
2648
17660
19945
16859
4062
1250
26268
26034
4059
7751
709
32436
15243
74
13538
11505
20945
27167
24047
12203
13265
14710
31071
1949
10059
13229
11480
29199
25275
13748
6066
2203
16177
30404
7726
4541
11248
18879
11382
19996
16329
2405
11608
20122
1077
6973
12482
7965
22069
13630
32253
21019
30954
21056
3498
14568
13811
293
10109
21695
10122
31430
8123
19602
2142
10911
28788
29585
9518
5691
10881
11388
19498
20318
31292
13737
22025
23796
15362
10708
9449
18108
23657
16810
13547
12212
66
8724
6795
11075
12365
17220
2752
14633
1215
15488
18647
5159
3188
177
5647
16237
27636
22443
32501
32456
28711
8250
8830
9608
4312
9968
20198
26674
7916
7601
4171
7402
6751
32763
3336
5791
27650
28662
19410
1780
32502
22591
16277
4850
30182
24180
13580
1646
30728
29311
32291
21051
20947
1699
30476
16656
25982
15432
16675
3896
10044
4486
20354
20732
8504
23411
8548
21456
15186
6445
17978
26176
17047
27558
1935
12952
27779
15922
21660
6230
20982
27602
19371
12368
7670
27966
32044
26533
27690
23476
17560
23909
4882
21635
21257
28416
22023
2390
18326
8047
15094
2369
29040
17700
32732
3725
6078
10930
27649
23876
25400
3644
30964
32379
17797
11167
3914
25698
31317
15711
21269
17165
32318
8274
15398
10751
5976
1551
30211
10875
19351
25108
17319
5771
24811
32185
25340
9421
17177
24280
11289
1280
27479
27962
26683
12626
9642
704
7301
2151
20480
21078
17527
31785
28429
20887
14384
24914
13542
4416
14948
11195
21854
12374
27163
9058
17443
22039
5167
24124
14488
24226
8323
2752
4978
9829
5891
22320
530
8266
30816
422
31652
8865
26248
23778
29691
5836
22760
21973
24619
30636
22625
17900
26852
19151
32523
7710
26257
86
14252
14004
820
26023
30967
20443
7680
5848
30852
3819
19635
6870
4499
1141
5818
5721
23424
1807
17923
16776
11270
28382
27040
3179
308
32232
26144
7701
3887
279
12205
6797
28077
30220
2533
23424
8492
16809
27001
1961
31734
17245
21384
13564
4822
20782
22201
405
16791
26760
31258
20324
31553
8135
15804
3733
25107
9350
2314
17088
25407
21157
8941
11989
21096
12316
4002
21445
16604
22915
28758
11761
3217
11101
16518
23891
25313
13352
3353
9327
13061
15141
314
27127
19539
26599
25847
10561
9272
22174
27035
32105
32755
9505
24524
13126
32278
17597
13155
3598
15294
7359
18702
10951
4493
18883
6568
11893
9324
1467
10067
11005
17922
1214
10331
26331
24819
21142
970
29576
27865
32008
31691
16040
9731
5857
8639
2551
1264
24517
28705
30194
12681
7351
9754
2885
28194
28007
16611
28407
13871
10815
11999
11607
3270
5932
6260
18342
14040
30509
23213
28801
23855
19612
3984
8981
21031
21055
16448
257
30508
30990
7379
8969
32247
30402
22001
18561
392
12578
29745
4468
13026
4621
18739
12183
5513
4166
22141
14832
1980
30978
17943
3910
4722
17971
20709
29511
15639
3474
11975
21116
24835
21615
27762
22765
14526
21560
17164
18323
9974
31691
19850
13442
28988
14715
14282
8659
27266
23012
17263
5971
18773
1903
16000
10989
9690
13988
18367
9175
23434
2867
31947
9343
19117
448
28149
1844
13720
27250
29666
22933
13734
58
17125
8890
1015
10467
22553
24612
4587
10718
7233
25957
11613
24011
22625
2702
11424
14023
22553
21853
24122
6520
21956
2339
14434
23769
3156
18807
1083
31430
2795
15261
206
15687
9786
21171
14794
29852
9114
12961
3579
524
31212
21950
8586
17262
17457
24899
14330
11124
16872
21616
12766
4795
299
32384
10842
3475
3720
26445
28769
21134
18080
5827
22440
32202
9602
26374
7532
15614
12229
19811
23785
12359
20839
17912
20373
2992
20073
20002
21793
17795
8486
6569
32557
23890
25207
28333
7373
1988
6024
21584
448
19233
377
33
1386
22683
19124
11851
30103
11874
11793
20610
30958
20070
29611
16297
7479
5610
24448
23619
3404
461
28107
18848
10977
27543
31009
12227
2035
2886
9805
12310
31761
18903
12780
30925
20814
12435
31689
8986
17665
286
27638
18453
22595
16961
3503
30825
11302
19826
31726
704
26037
10537
31693
13548
21936
15330
24736
986
24580
9200
5582
17975
24332
16392
27252
28127
32394
13449
31416
27658
19044
31116
21229
11317
27934
15792
10347
20946
23067
10658
17452
9391
24467
20591
31527
22566
23635
22665
20589
6410
5432
10650
7428
3660
26217
11020
22918
14449
19543
24405
25977
23476
118
26627
26733
24826
9656
16011
10456
22906
16590
11729
29873
4393
30750
22647
30671
23526
22403
22502
7167
2410
5063
16413
20198
11245
2528
5180
18844
7577
30190
