28995
7047
3452
14836
29066
1130
16295
25743
17553
9724
18031
20538
26057
28736
10652
779
9264
18595
24886
12960
11870
21277
32358
6291
21325
12557
30508
4796
1003
20945
198
2857
24929
12584
9436
25566
25633
8009
32108
25165
26546
28352
17272
22164
10043
9227
7281
31353
30417
760
21089
17446
17792
5564
25308
10404
13339
2515
4261
2584
19652
32412
25631
19904
10042
8624
18042
21933
1509
13574
9113
23102
14243
23239
16069
24416
19024
17138
9748
16775
23063
5808
28823
5739
2428
15732
13126
23939
28197
22490
22700
15426
32363
3133
18258
16916
19365
278
749
28695
5423
8472
13383
154
60
1292
17390
10838
96
8044
29598
23406
15580
1474
8814
10280
32425
29630
10173
26985
29507
25626
28892
18162
20538
23342
19833
10589
9082
16210
5838
20438
23637
23287
7565
1433
22869
25732
2698
13102
1732
10226
7718
18279
23031
11814
31359
13334
13663
32274
25689
31375
333
21386
9931
993
1416
26598
1449
16595
20369
10333
27317
19872
12720
30236
14724
5490
9927
19497
30258
12704
9938
26363
10949
168
14401
18901
14178
12523
18934
15846
31026
15147
8732
10018
29714
2245
28077
19166
27389
16813
15554
25646
4921
32302
30617
8703
20036
22623
6248
27379
5757
6500
13796
767
2707
32362
10896
28359
17326
20832
25798
12468
25183
20854
11143
15323
32328
10070
25602
14478
25739
24869
9189
30398
20724
12856
7271
10775
3557
29334
10770
19417
9989
6706
5457
15991
6824
13285
20413
3826
13820
1069
14888
28660
2041
24488
16229
19116
5894
27982
20445
364
17772
20593
2515
16388
4219
30326
6770
30172
5758
1105
9116
21971
3936
8130
12913
30683
9243
4177
4769
30801
20708
29706
2674
12573
15896
1017
19344
26766
15332
9316
9368
4594
19639
15563
16227
31736
27241
5024
30739
2247
29224
10694
6366
19418
25383
20940
1693
10658
23557
32486
10771
21721
765
1967
8702
17832
17619
22689
2528
1656
5754
21072
24970
29336
9605
20329
24941
17043
9044
3694
18336
591
5883
31535
27056
19686
25073
5127
5931
27204
25469
26332
6379
10885
26336
25044
22819
6923
18499
29656
43
29026
31839
14537
4619
18389
26350
11653
22729
1997
11221
10136
10099
7660
26382
3266
16875
21485
30551
1581
30069
27706
18332
11115
11778
23370
17189
24881
5178
15041
24704
26581
75
21061
28460
21897
19828
21025
5130
30805
23120
7068
8324
23510
16867
13079
12410
28344
6502
14313
15089
1013
16082
32251
378
11210
1070
9506
2660
8318
17305
19008
4513
17106
10263
11801
7289
25159
14107
28149
7152
19730
26328
10747
18936
25568
19784
13640
11607
11594
13305
11218
28758
9494
7322
2560
30255
17203
585
8709
23348
30323
25498
2816
19391
3846
24935
26069
24029
21690
32346
5065
22969
17652
19259
15071
7370
13421
3066
13302
956
20654
8572
16031
1823
15689
17446
5824
30418
18653
23338
18410
46
30151
31892
23161
27378
21160
25107
13937
