5611
5217
26130
26930
11624
6391
21476
6400
25158
32598
22764
3969
6099
9216
643
13521
5474
20259
2719
27647
9138
9109
24868
12392
5407
400
32241
11472
9355
22829
18341
10309
22282
10401
6965
25780
19535
8763
16431
19272
10714
13849
21963
646
3295
31661
1206
18986
12021
14067
414
14527
10627
30064
11390
14080
1003
32489
22695
21745
30835
5609
2450
21693
7160
17392
12391
1870
21585
11643
13900
22190
18820
10680
24431
6689
15787
6662
21202
4094
30628
15662
21209
6481
11388
31331
29333
4914
5017
24571
21454
27108
4521
20971
14802
16813
9806
9221
32000
20856
2182
7152
11027
19243
7644
5867
24624
28105
14416
20289
9390
7495
18183
32139
23463
7216
26035
20904
3650
17144
30400
32637
8126
20767
13380
23405
13887
13325
25507
17047
25689
24488
6149
19154
24413
5302
12153
30314
20070
12534
30438
26519
32290
25853
8374
20417
1376
27601
31296
5750
9822
8263
3065
29735
30928
3101
4187
31910
10416
19670
28049
21856
21961
27225
7655
4954
24577
31560
13044
31980
11369
13089
24452
11072
12038
13847
13384
18314
17757
20142
31549
24580
11712
24857
24028
4273
10075
14419
16902
31693
1789
2303
2478
19990
19623
17921
8516
19134
1495
8920
2277
6955
2193
24514
17475
24180
21298
15246
23894
13468
7412
10047
26048
16780
25408
5989
8961
25554
32695
3899
20831
6940
4863
16769
10642
23154
20558
25368
5427
16951
30135
2911
15843
32221
32055
15952
25403
16747
21118
31833
9079
8880
6527
29691
8929
19013
20918
12580
15871
14404
25148
26189
12924
6345
23180
11091
27351
25645
29715
19990
22733
18173
8313
4308
2695
3516
12466
29251
26244
4189
24771
23408
14916
22911
21589
20314
1978
1382
20475
30797
15727
5309
15171
12032
17782
12046
14206
22382
5907
4349
22351
12148
14122
8776
17142
27439
21353
28542
21850
15123
25653
898
32216
6092
341
23743
29390
28629
21857
31272
229
4825
23528
15351
802
30412
22116
5153
20396
13001
9183
17051
9563
19370
26465
6479
26117
11881
10528
989
10631
29754
24167
20242
30101
19556
1090
27689
9794
10211
14574
11204
21326
703
4
11432
15923
26410
7519
31291
5358
1628
13010
5823
5518
815
3211
27980
24190
19066
18501
26511
30609
5421
17201
9029
24530
28721
31394
885
11273
26109
19323
6512
525
9720
15449
8585
31949
17809
15999
3989
17692
30496
4485
26401
27456
21115
13760
23414
19769
2904
6512
29517
5585
12646
27820
11346
8296
22058
18446
23131
19836
13466
4638
15973
5115
13947
20351
4435
23368
29562
18908
32357
27151
1548
14736
18809
30153
20999
24088
7429
7950
6397
12601
15312
26270
30813
8432
4723
26413
11591
31774
25747
24562
14898
32240
4571
23534
19008
9232
11964
509
28252
15245
27876
22942
4121
20618
3967
4225
13898
27818
26416
3285
30561
20535
4558
22608
13704
4629
31199
12283
129
21097
20949
17603
14654
27656
1802
30912
21312
20642
26749
9538
20400
31659
32074
13728
20030
10253
18155
8897
20413
13455
27441
7015
1659
25347
512
25919
20578
24114
717
17065
14032
12936
3545
26951
4150
9599
3370
21831
8050
6093
26958
1393
19693
24141
19919
27632
21876
15790
14709
8160
2775
29918
22078
7067
580
564
21790
5059
19553
3936
18807
13071
4907
12307
16470
18134
14737
24429
3955
10333
22735
26667
6119
28385
14219
9101
30891
