9461
10361
26740
23966
7730
14468
26724
9171
12414
28105
1967
12747
7400
21688
21405
27354
17718
5649
13292
18571
24717
19490
32088
26683
20198
28605
8428
22132
14129
6395
1035
13322
23622
4020
19773
4344
21648
26554
12731
6392
4216
9432
4025
28132
23443
8845
24949
19407
17546
15240
21764
21218
6093
27875
5335
4856
22775
28960
3344
13561
26368
3812
14727
24055
14117
6005
18586
10250
21143
20725
7864
19692
741
18524
1709
24147
22827
18230
6827
10258
31736
26914
12828
6126
26624
3334
24618
18241
3974
7699
20234
593
1160
28796
1036
26989
6567
11765
22628
1997
9693
3566
12981
31783
22237
21900
19811
3857
15945
23404
5525
21274
1430
2838
28428
10918
29887
9283
26791
20365
14253
12751
11698
14451
3681
29820
16370
30693
21479
15724
18033
28984
2043
29789
32010
32546
18296
17826
4275
26645
24452
13285
29837
15455
26493
2462
31661
31235
3490
26194
17320
4693
641
25484
15328
11607
12068
3484
21905
18134
8699
11283
10395
324
24200
5626
6413
19028
31693
3540
18805
11608
15733
24922
26090
28506
5061
18673
5078
20732
11840
17131
4740
4624
3357
26242
22637
4854
15722
27285
14658
12217
11260
23584
24761
12520
15133
16508
11800
28214
1781
8028
15490
32465
1204
12419
9220
4994
26757
10566
16223
22153
32306
26054
659
27958
24727
27113
11824
30535
15304
30237
27484
10245
1538
11212
7331
21789
23378
32157
28545
5951
26631
26480
31409
22648
3545
10776
30004
27728
12246
1751
21024
3491
20752
13978
19758
24128
29192
6393
13313
17475
22745
22253
30775
16690
12324
30030
22065
7898
10431
4884
7330
3560
2588
20298
24794
4678
23931
4817
11216
22843
8143
14810
27633
21825
9841
22817
14251
15269
8839
6890
11448
16353
28467
28605
30763
10425
5755
3808
21307
6936
14587
665
211
13992
17484
15392
6101
24627
9267
27494
9778
21948
23178
5768
30891
26716
10735
11538
4964
30686
16174
4852
10029
3098
1390
24388
3984
10258
4383
19129
9626
13006
19871
2531
29546
4599
22959
3883
5243
21045
16024
28815
20145
31050
28189
27930
12325
24043
13087
20004
15792
8546
275
8270
32313
9957
20004
60
28351
9395
25639
30481
11045
10996
21571
8876
22464
15438
31068
9636
6050
21575
13636
6916
7077
30557
21664
2502
5686
10471
17820
5137
8167
25258
3406
24114
22706
27194
10219
26972
21006
8215
16300
24096
3508
9347
26238
682
7470
28196
15980
22721
11812
11870
15565
8060
3942
8046
29741
13509
31417
6215
4348
4751
12129
557
29945
25559
10610
3090
7516
27996
471
14259
16326
17949
17183
7282
18921
7063
16139
31730
12279
32187
12504
1140
13771
28337
14412
23797
7898
12879
31107
22275
28888
6488
28023
25187
13610
17524
12112
7780
25870
6899
21105
9473
27788
28994
3391
27578
28700
6953
17583
22063
16660
26058
17558
22145
11480
13658
12464
14184
4800
17052
31341
27668
27847
13346
26495
453
14073
3907
29989
3881
24987
15579
9268
15737
14871
7621
31210
18258
30382
27417
16754
2388
20700
24102
23095
124
23178
23598
7913
21058
31222
8676
12624
14962
14435
10918
14035
31434
20352
20346
20935
10328
8600
22986
25465
29330
2175
1504
25338
16434
10040
12575
21677
15832
10855
12295
11921
14941
9082
2022
13647
27896
27285
2143
7683
275
13121
156
202
1003
16341
3155
26640
4074
24480
13434
2198
20932
9180
24521
28230
17235
30546
20212
10679
14387
1228
8357
19070
6173
6207
6459
12858
25348
26293
10821
3166
23282
26876
30140
30397
28575
13584
18692
9943
18390
585
19361
6117
1160
17477
23993
3494
6573
2195
25166
30695
22750
804
28983
725
2484
30066
11491
24579
11230
23662
14285
5177
16132
4394
1470
22018
11359
18507
1222
18676
11797
7212
23032
8637
20565
3539
11752
32498
26679
10388
17638
663
7249
13447
24311
30830
23320
9131
7063
5376
23293
9687
23857
6508
67
3940
26714
26611
17570
32412
15057
21823
31902
27617
22072
17014
5796
4253
31375
19459
12265
20717
3188
6431
6915
5133
8988
6177
13380
14209
31248
13195
8153
2313
17064
19408
19879
29506
4424
486
24289
18716
25181
7824
18793
23551
29463
8809
21740
18620
27108
19119
19900
10038
2736
5845
2412
2253
29405
6855
6445
29070
6404
10747
17899
14363
3177
10044
12839
30811
12352
1333
15763
1250
28323
17344
1647
799
8014
30188
9382
7752
7712
7376
31399
32006
19793
25363
14341
26080
32628
1334
27085
15975
1324
29352
13483
20774
23214
29576
5307
1608
12538
24376
16176
31495
20185
12198
423
9177
1429
32089
15177
25945
13691
12349
