9788
18761
16220
1627
767
4214
14689
4892
24389
14414
5661
28375
10821
3537
20994
24595
17802
11520
25648
15607
13461
20044
7532
9367
10801
32448
31456
258
3988
12013
26773
7688
24890
17561
12209
24779
32129
6950
3184
27661
16645
7876
10211
15667
3257
28246
29035
3612
4554
12325
5109
1956
32564
1351
755
4342
27936
18381
23325
18325
8708
32687
4844
27690
3449
14968
14035
20491
5339
12722
11580
3983
3491
27663
15942
9492
388
17756
23359
8397
6215
2342
25059
4428
17254
3113
22354
26835
1899
28797
22227
27482
32518
127
12363
29024
29681
19584
29307
2930
10628
30512
23804
21116
13591
23752
30204
28883
27
250
16310
12286
20471
28570
18867
5960
28580
31753
6594
26374
22279
2917
10424
31912
27665
21874
28392
27522
14745
18503
15457
22104
14324
31416
22762
21931
858
22919
10174
30406
7160
31562
19208
8071
3028
18202
797
25326
3685
23040
17787
4711
5614
22304
18309
6103
19102
3747
30972
25705
24425
10086
10813
21
22692
14180
23101
1525
8291
30436
26692
6471
1171
31330
9580
8001
31446
7998
473
18840
17953
5926
20917
15823
23064
15940
26099
25920
6180
10280
29887
12779
16986
3956
3527
25602
16395
5194
5676
7216
4139
30070
2119
18093
1378
12378
29468
11011
10228
13213
30111
11421
22865
4243
12713
2068
5499
22378
29368
6457
28188
2586
1129
30178
7011
21003
29879
26997
16034
25731
15857
7478
12969
16854
5245
31056
1504
15179
21582
2725
31270
27600
18982
31061
9837
3934
21645
23568
5650
25898
6285
29724
509
2193
17970
7717
32637
27840
10436
968
16608
26406
32450
23006
17365
29851
21919
14216
2435
9549
25916
20991
13413
23407
10024
10521
10220
18592
9625
28826
1490
22044
15914
16960
9535
25508
21586
25740
24479
2350
12200
12882
20286
18253
473
28416
23464
21086
20581
5038
12227
25720
15900
24809
30120
16913
28764
16703
29766
23920
3079
18570
27318
17623
1607
23549
17755
18284
17665
20208
2241
31979
19226
107
3635
7182
27756
17780
28186
19383
17799
11289
13336
23267
29480
25404
14568
2895
17785
21281
15860
23272
27406
12984
9907
30707
20379
9643
27593
19457
10871
12072
9180
18832
30929
1387
15927
26753
24500
4626
19233
32062
12732
11040
28155
22183
5270
20686
21788
20161
569
31766
21357
14877
8678
18941
30659
25098
13536
4003
15871
30074
4844
8971
13800
7349
29319
25771
15299
7103
30954
21939
7864
12170
19902
18206
20708
4572
11935
28025
32061
20478
15954
25974
7977
24618
3015
30000
30686
8626
3277
5691
32120
13296
2199
5235
8155
20465
11762
19842
32591
4320
20804
23854
28884
22324
3652
17000
27722
12953
18811
18708
16450
32416
19838
17561
10145
7717
32744
26409
7419
388
27162
16845
1961
25467
4530
14648
7856
26845
23756
31560
7505
3836
32251
16731
9583
5332
9221
27479
27557
19191
26978
16248
2340
30268
16243
23256
3917
12583
20867
7872
14610
30743
7038
9904
22028
19506
12403
4912
19292
6417
27851
13653
17988
18730
4167
26386
31873
13569
31675
7236
5742
22798
3724
30843
7897
32365
24555
30089
5284
16968
20430
26317
31260
10245
11187
25917
32281
8750
25364
28724
6874
15908
1961
20225
18077
24195
5472
32555
4609
12372
15901
15238
20508
18166
13617
26615
9308
2761
13980
28166
4638
26271
17923
22056
27152
24547
24943
10698
12615
1415
9163
27165
24095
25007
4892
10148
1750
23071
5758
1663
24039
11109
20450
15221
6184
27334
21897
19907
6307
15081
1855
10662
32308
8005
31576
20394
28391
6732
16236
11441
15630
597
26834
26306
16933
14666
12509
10903
2919
13078
6361
17893
13356
30411
20931
6761
2569
1687
25548
13751
22182
23141
20876
6594
27485
22866
13062
554
19096
32214
1120
12872
2791
4271
9311
6139
20452
9868
16036
20273
29895
19583
7592
21045
17608
3872
8313
25274
23864
18560
20530
30635
5470
24788
20795
15280
2066
28126
11334
26752
6939
23834
11012
2793
8265
5294
17579
31649
27731
14095
22057
6346
32622
30066
8741
3143
7089
7417
21690
10945
25900
19098
1778
14199
26562
29135
32260
6346
7882
8704
8782
18820
23145
14000
27153
4844
7853
24169
13294
23434
22634
9320
19748
5818
981
26889
8071
8435
8418
29937
17215
5333
4445
4861
28742
25844
15562
23790
2975
18022
5630
9937
19543
14350
24186
13615
13373
12967
17290
10745
22624
19856
12578
21554
13645
25690
30323
20058
2821
2321
6224
6046
31936
20302
27972
5057
28773
15353
24431
7624
27076
26078
28709
6504
23961
4855
22852
12080
14401
24179
26713
8054
5177
13194
28530
22531
23644
10496
