17336
17534
3969
26963
17512
1981
26260
2087
28441
1814
28222
7780
12318
12159
11505
14640
18977
13337
29435
12265
18330
10233
32351
28878
2062
26804
113
27757
25864
9644
24883
19408
10968
4125
23666
23911
24847
32743
21664
25780
7862
6425
30576
14521
26192
15937
4148
23841
17814
23414
9206
561
13549
22050
13144
5996
29351
11664
15916
23817
22014
6201
25810
8214
21969
10702
17237
3432
16156
19973
25156
18249
22328
9252
22866
10721
26072
1870
32685
27232
25279
20368
17950
31985
17218
6059
5861
27998
9090
5023
22354
5763
18277
17404
26403
25716
12121
4584
14753
3438
15560
8175
25721
28030
8793
23437
16475
28915
7148
7037
30548
14725
10836
22208
7404
27202
20179
16492
11263
17980
598
21562
1628
3572
25717
8141
21023
18309
24105
21699
20686
23952
13386
28541
3126
16619
17872
32430
29956
30984
29126
22438
20258
20263
24845
17244
2007
59
12246
28733
20893
8605
13021
13495
8641
9331
21606
28292
27581
9183
17657
2743
13909
27111
31708
647
26228
22311
17237
22751
23492
6456
19612
25761
15119
23519
1954
29630
600
24822
14980
4855
17080
11035
5326
1648
7162
10010
14960
16121
22006
26
640
22556
13230
2699
26037
27366
23594
29131
22687
16758
29971
5275
3495
14151
19217
15428
23243
21053
9190
6793
16150
24689
5703
14923
17376
9916
894
20223
13770
27653
3777
3792
29048
27979
11855
915
16397
1649
12880
32367
32616
7116
23914
6728
4640
4206
27427
30960
21312
21809
8185
9996
2498
23682
16195
21192
6093
32499
710
16698
25006
7294
28694
11927
10392
1690
10163
1304
21788
32512
2527
5802
28006
22330
19776
17752
13117
31984
25402
18041
9656
32498
17930
27801
25281
22277
3235
9256
9291
1133
24649
3813
21843
17214
12270
27144
31384
27747
15695
11058
27417
19051
24526
21
5203
28439
6414
7395
17975
21924
22352
1399
17133
24024
401
15686
3659
27599
10591
2564
14612
14467
32383
13590
9200
7964
24640
30650
30255
29437
10397
32248
17470
10891
3350
11336
8677
27323
12619
5120
7238
16226
18269
17028
22422
3132
23044
22316
19608
697
7280
3059
25054
10379
23521
7397
23743
15089
28421
14919
26135
31424
16149
29059
7873
11574
18094
14554
32725
23934
8816
2504
674
11011
3928
13878
19562
12405
29406
25698
23008
20380
18638
23951
26210
28127
4838
7020
2806
28051
9780
16452
20742
28677
29230
26091
13532
11334
7566
28516
21467
26297
5364
18771
17027
21853
26425
17702
17954
31963
2964
31489
28251
21071
28015
24173
19032
11734
23047
29121
13775
23004
11206
17484
31158
19234
20320
10056
15557
19858
32431
17790
32688
12739
19791
2488
8481
18250
25337
32747
9591
12230
32672
7457
15937
22186
9550
6696
19832
6601
955
19708
24704
28323
434
11509
24285
4209
36
28081
26805
754
13065
23743
8458
30195
11258
28176
24499
21921
29328
8990
1823
5007
18042
14554
31177
29829
26464
18518
27514
28430
32379
17975
2626
26304
1521
3288
15156
20553
18929
23871
26340
2622
24467
704
4514
30371
11629
1395
15219
8506
25076
5975
17363
32396
29593
10307
19757
4024
1695
19600
23574
30463
21694
25224
11853
18699
29306
8845
1396
9986
3648
1545
24971
27983
1349
12569
26416
811
27167
19193
28056
5869
22816
28973
28748
21271
13941
12661
24740
22556
12803
13934
4868
1778
11517
4872
17369
26716
23877
22699
28755
15605
19080
25640
32480
507
280
3426
29548
30433
5768
9657
11097
28563
23561
28986
23872
32647
23175
1671
22629
18824
29827
16775
16380
65
18863
13518
15903
25484
14411
17867
27274
18040
6210
24500
24860
27164
3075
26930
17421
14623
801
26828
9712
12290
19113
1043
5992
32308
18247
17810
21674
11220
13591
21876
20150
20548
2380
4339
3157
9586
20867
11397
7889
997
11493
19653
9847
5001
15103
16930
8909
15675
7265
21321
2707
10516
24824
16979
26492
21878
43
30894
29097
4824
14008
1485
26346
28753
26189
23695
6579
25830
21222
31600
29664
16787
23017
27506
26921
14363
32515
16841
5475
655
27328
4169
636
30624
14061
28816
21044
6054
9390
5619
18332
24172
6238
4649
27728
26050
30505
14522
19827
9408
17003
19749
3183
22490
3271
26580
16234
23976
9479
15809
23943
5235
4791
14052
13025
1151
16512
32611
6216
25370
28741
32632
27321
14953
21759
26146
32415
16877
28249
12939
2764
13272
523
26684
18230
11026
20215
23043
15217
22026
22020
14239
30960
2621
21694
18994
15611
1159
19882
2916
13936
25132
14954
854
27449
7846
17302
6477
31121
8748
6740
17179
12534
11527
20413
16205
16109
11156
17903
17942
27512
16152
5874
23806
8536
1862
3404
14666
15875
30866
2658
23850
25955
19251
30357
23461
21845
20219
5912
28485
29916
12246
26003
20354
6953
30499
17785
28911
19019
21942
13098
7206
22966
682
18632
1908
19573
15079
13529
24389
20271
11638
32417
26958
6619
24712
13373
11900
12611
23360
24191
22432
17466
8260
22157
10455
8348
17670
22840
18363
31754
12754
29725
14411
3170
22168
10366
15514
11265
24695
24542
827
1464
15373
3678
20584
1167
28801
7898
3573
828
8013
1219
28151
30561
13516
4026
3123
5257
5511
23794
14920
8929
21567
578
25244
1462
15546
20237
11784
11698
16206
16082
22595
29398
2351
31122
24335
4662
21880
32229
30757
19320
17146
20699
31201
23050
15048
20371
8878
17958
13183
32413
27439
18823
23894
29457
20274
17384
745
12652
14677
31553
10948
7726
32118
9153
17842
23604
3548
27530
30148
13525
22311
1583
14880
26047
28408
29678
2959
28816
351
173
13764
18484
10504
14006
31085
30721
7717
16690
17147
8339
26651
31334
562
26217
32236
8625
28272
11836
359
30017
17341
17187
273
11161
17558
17000
27857
2243
3193
26919
10591
2900
32560
8108
28267
27940
24798
24202
23437
29642
25290
18811
28655
19674
12527
7163
20668
29150
19519
17315
2631
20501
15803
17478
14332
12269
28212
16845
16135
6210
11998
19411
1990
10580
16026
18175
25071
11146
22527
4133
32641
19945
5165
13596
12908
20563
11858
24413
22783
